587768.446	
690739.889	
714616.889	
945952.889	
2215271.425
2501875.567
2875310.680
3525621.567
4734895.788
5046041.380
6709539.352
8709389.590
146545.999	
180413.999	
215958.518	
294862.999	
687492.190	
873522.275	
971197.261	
1342260.275
1374044.340
1763264.747
2032637.011
2752829.976
133285.192	
172928.221	
238904.506	
310759.403	
759536.097	
959134.048	
1117904.629
1590466.879
1307618.104
1653252.753
1988488.810
2869129.167
85664.446	
117752.031	
148051.691	
221474.691	
456312.089	
563271.610	
820566.853	
1179798.848
939902.578	
1304127.618
1792600.179
2474268.888